26.53382682800293
26.654394149780273
26.167991638183594
25.52976417541504
24.867780685424805
24.297651290893555
24.013803482055664
24.038766860961914
23.93297576904297
23.96704864501953
23.969444274902344
23.932573318481445
24.018856048583984
24.020227432250977
24.134538650512695
24.19183921813965
24.11156463623047
24.064111709594727
24.113920211791992
24.07712745666504
24.088363647460938
24.083227157592773
24.06889533996582
24.073678970336914
24.097715377807617
24.15045166015625
24.194063186645508
24.177305221557617
24.12407684326172
24.11739730834961
24.078554153442383
24.041868209838867
24.098968505859375
24.094255447387695
24.08387565612793
24.084562301635742
24.158164978027344
24.210922241210938
24.257537841796875
24.289276123046875
24.287321090698242
24.24799919128418
24.280553817749023
24.27277946472168
24.2813777923584
24.30457878112793
24.292354583740234
24.309343338012695
24.329896926879883
24.36411476135254
24.42137336730957
24.298503875732422
24.3547306060791
24.304590225219727
24.69441795349121
25.03413963317871
24.260799407958984
23.962594985961914
23.60934066772461
22.739301681518555
22.408048629760742
22.2347354888916
21.97825050354004
21.859800338745117
21.78907012939453
21.740625381469727
21.77323341369629
21.754087448120117
21.751062393188477
21.757287979125977
21.74759864807129
21.72331428527832
21.6866512298584
21.631864547729492
21.662818908691406
21.68902015686035
21.667766571044922
21.670499801635742
21.64686393737793
22.61102867126465
23.430532455444336
23.973115921020508
24.571199417114258
25.504335403442383
25.97539710998535
26.047880172729492
26.223451614379883
26.220003128051758
26.149267196655273
26.083776473999023
25.93453025817871
25.663238525390625
25.57610511779785
25.52777671813965
25.495637893676758
25.506261825561523
25.530513763427734
25.540578842163086
25.4827823638916
25.48660659790039
18.28156852722168
18.2408504486084
18.314359664916992
18.38504981994629
18.24991798400879
18.12278175354004
18.140607833862305
18.132774353027344
18.032699584960938
17.97386360168457
25.509479522705078
17.95844078063965
17.809370040893555
17.740144729614258
17.685880661010742
17.660127639770508
17.490198135375977
17.341445922851562
17.250139236450195
17.27147102355957
17.23554801940918
25.494277954101562
17.062334060668945
17.068044662475586
17.00223159790039
17.12912368774414
17.225976943969727
17.244632720947266
17.286272048950195
17.269678115844727
17.093124389648438
17.191240310668945
25.487470626831055
17.25545310974121
17.227937698364258
17.27180290222168
17.277677536010742
17.29668617248535
17.277339935302734
17.362180709838867
17.3056697845459
17.296472549438477
17.19657325744629
25.475059509277344
17.2664737701416
17.276033401489258
17.198545455932617
17.04799461364746
17.06437873840332
17.005447387695312
17.053504943847656
17.062238693237305
16.959741592407227
16.95069694519043
25.48468780517578
16.87877082824707
16.892175674438477
16.817476272583008
16.798757553100586
16.739547729492188
16.713258743286133
16.671815872192383
16.601938247680664
16.671316146850586
16.65143585205078
25.468238830566406
16.70924949645996
16.693727493286133
16.685287475585938
16.6203556060791
16.776710510253906
16.813549041748047
16.775163650512695
16.794645309448242
16.750764846801758
16.64201545715332
25.51544189453125
16.683069229125977
16.548913955688477
16.583337783813477
16.54836654663086
16.587120056152344
16.504268646240234
16.566238403320312
16.515893936157227
16.48430633544922
16.420551300048828
25.504161834716797
16.288076400756836
16.37086296081543
16.46552085876465
16.604997634887695
16.65564727783203
16.80628204345703
16.89027214050293
16.802751541137695
16.792163848876953
16.765485763549805
25.49125099182129
16.798954010009766
16.710838317871094
16.69524574279785
16.577571868896484
16.56962013244629
16.591869354248047
16.53205680847168
16.48497200012207
16.393754959106445
16.41520118713379
25.49746322631836
16.340408325195312
16.316843032836914
16.32135581970215
16.275815963745117
16.27372932434082
16.248018264770508
16.229516983032227
16.2178897857666
16.233089447021484
16.259510040283203
25.47733497619629
16.22712516784668
16.213321685791016
16.228212356567383
16.17234230041504
16.134374618530273
16.102243423461914
16.064943313598633
15.974175453186035
15.960659980773926
16.00596046447754
25.44260597229004
15.90053653717041
15.87175178527832
15.790327072143555
15.793327331542969
15.788599014282227
15.759507179260254
15.815962791442871
15.91427993774414
15.880331039428711
15.838407516479492
25.47224998474121
15.834218978881836
15.788262367248535
15.712703704833984
15.725982666015625
15.702066421508789
15.635019302368164
15.692660331726074
15.561920166015625
15.53554916381836
15.40280532836914
25.47830581665039
15.401432037353516
15.265270233154297
15.273170471191406
15.239543914794922
15.299665451049805
15.124327659606934
15.189449310302734
15.122962951660156
15.098440170288086
15.121293067932129
25.462209701538086
15.148763656616211
15.217660903930664
15.204771995544434
15.20948600769043
15.2055082321167
15.2955961227417
15.353450775146484
15.311767578125
15.274551391601562
15.32227897644043
25.477489471435547
15.342178344726562
15.366065979003906
15.369621276855469
15.239714622497559
15.205072402954102
15.219515800476074
15.102863311767578
15.119446754455566
15.175027847290039
15.151031494140625
25.441057205200195
15.146932601928711
15.145437240600586
15.107820510864258
15.142457008361816
15.10818099975586
15.085107803344727
15.077821731567383
15.123811721801758
15.087100982666016
15.130502700805664
25.44635772705078
15.254600524902344
15.230376243591309
15.322763442993164
15.213665962219238
15.077381134033203
15.014562606811523
15.05388355255127
14.966567993164062
14.964214324951172
14.960023880004883
25.428674697875977
14.938811302185059
14.976943969726562
14.913019180297852
14.857465744018555
14.868701934814453
14.739140510559082
14.76826286315918
14.779655456542969
14.924476623535156
14.876940727233887
25.477766036987305
14.817503929138184
14.852458953857422
14.871347427368164
14.8262939453125
14.803449630737305
14.780794143676758
14.68174934387207
14.679183959960938
14.618890762329102
14.650733947753906
25.443361282348633
14.600619316101074
14.58349609375
14.673515319824219
14.562590599060059
14.567206382751465
14.48088264465332
14.570148468017578
14.44518756866455
14.444421768188477
14.390132904052734
25.412063598632812
14.459661483764648
14.560977935791016
14.562150955200195
14.656658172607422
14.706984519958496
14.699113845825195
14.728012084960938
14.734573364257812
14.543066024780273
14.549267768859863
25.418550491333008
14.489391326904297
14.482873916625977
14.46994400024414
14.535079956054688
14.319419860839844
14.370010375976562
14.364269256591797
14.405017852783203
14.363618850708008
14.251327514648438
25.434722900390625
14.240019798278809
14.134735107421875
14.160348892211914
14.141544342041016
14.017289161682129
13.940338134765625
13.891580581665039
13.918182373046875
13.896523475646973
13.860539436340332
25.523513793945312
13.719487190246582
13.729852676391602
13.729736328125
13.636680603027344
13.567941665649414
13.533374786376953
13.456904411315918
13.46866512298584
13.469012260437012
13.432943344116211
25.491962432861328
13.419816970825195
13.482248306274414
13.460895538330078
13.466733932495117
13.420456886291504
13.384093284606934
13.309209823608398
13.254802703857422
13.197002410888672
13.09335708618164
25.4921932220459
13.149205207824707
13.04482650756836
13.01262092590332
12.936616897583008
12.898540496826172
12.872533798217773
12.849115371704102
12.826948165893555
12.796808242797852
12.704183578491211
25.531404495239258
12.597846984863281
12.608488082885742
12.586166381835938
12.585405349731445
12.545473098754883
12.55293083190918
12.599384307861328
12.554222106933594
12.522063255310059
12.443208694458008
25.526382446289062
12.500449180603027
12.471535682678223
12.469709396362305
12.416216850280762
12.347823143005371
12.281228065490723
12.250480651855469
12.175443649291992
12.212675094604492
12.234207153320312
25.496437072753906
12.181285858154297
12.127839088439941
12.126119613647461
12.139297485351562
12.147875785827637
12.099080085754395
12.118183135986328
12.087968826293945
12.094955444335938
12.09701919555664
25.511404037475586
12.057503700256348
12.025369644165039
12.005425453186035
12.163349151611328
12.163323402404785
12.079712867736816
12.079774856567383
12.021705627441406
12.067031860351562
12.100740432739258
25.514772415161133
12.17033863067627
12.210609436035156
12.132428169250488
12.006897926330566
11.968229293823242
11.933721542358398
11.951698303222656
11.918357849121094
11.914970397949219
11.853215217590332
25.475109100341797
11.864935874938965
11.849855422973633
11.916874885559082
11.8499755859375
11.909835815429688
11.892617225646973
11.629691123962402
11.60162353515625
11.41679573059082
11.503580093383789
25.471803665161133
11.443888664245605
11.488076210021973
11.565571784973145
11.550047874450684
11.600369453430176
11.547666549682617
11.550277709960938
11.481267929077148
11.563373565673828
11.454967498779297
25.520357131958008
11.425969123840332
11.402791976928711
11.399903297424316
11.43404769897461
11.422615051269531
11.49563980102539
11.453816413879395
11.426775932312012
11.375000953674316
11.391706466674805
25.424894332885742
11.373007774353027
11.271513938903809
11.308338165283203
11.219444274902344
11.17227554321289
11.077007293701172
11.039928436279297
10.981948852539062
10.872335433959961
11.04296588897705
25.4858341217041
11.06063461303711
11.016495704650879
11.067333221435547
11.08160400390625
11.050776481628418
11.017585754394531
10.958242416381836
10.898834228515625
10.83747386932373
10.832317352294922
25.47471046447754
10.826345443725586
10.818410873413086
10.862861633300781
10.884381294250488
10.799520492553711
10.864572525024414
10.89805793762207
10.942347526550293
10.94092082977295
10.831666946411133
25.396318435668945
10.875764846801758
10.911121368408203
10.88435173034668
11.002097129821777
10.99958610534668
10.997763633728027
11.040582656860352
11.063396453857422
11.114760398864746
11.21536636352539
25.525537490844727
11.273096084594727
11.253456115722656
11.202058792114258
11.21702766418457
11.130668640136719
11.1524658203125
11.1738920211792
11.291885375976562
11.256662368774414
11.323758125305176
25.53001594543457
11.39268684387207
11.322887420654297
11.353601455688477
11.353479385375977
11.348161697387695
11.310369491577148
11.292720794677734
11.328084945678711
11.300983428955078
11.214994430541992
25.50225257873535
11.245695114135742
11.190399169921875
11.17573356628418
11.1168212890625
11.038164138793945
11.0488862991333
11.163421630859375
11.174291610717773
11.285229682922363
11.26193618774414
25.50250816345215
11.36229133605957
11.368122100830078
11.360797882080078
11.40593433380127
11.459112167358398
11.488319396972656
11.447628021240234
11.452754974365234
11.412679672241211
11.42811393737793
25.489206314086914
11.259573936462402
11.187734603881836
11.206975936889648
11.076301574707031
11.096763610839844
11.024320602416992
11.062393188476562
11.024153709411621
11.022873878479004
11.028962135314941
25.446699142456055
11.045207977294922
11.202007293701172
11.207496643066406
11.274330139160156
11.375008583068848
11.268020629882812
11.292139053344727
11.275131225585938
11.308943748474121
11.227157592773438
25.465620040893555
11.254156112670898
11.283212661743164
11.27910327911377
11.288400650024414
11.288126945495605
11.445323944091797
11.392062187194824
11.38676929473877
11.334800720214844
11.220905303955078
25.435766220092773
11.305475234985352
11.30897045135498
11.35635757446289
11.333523750305176
11.535442352294922
11.532478332519531
11.553115844726562
11.557136535644531
11.59509563446045
11.626800537109375
25.44045066833496
11.579965591430664
11.630270004272461
11.658746719360352
11.619707107543945
11.713811874389648
11.687257766723633
11.739751815795898
11.788656234741211
11.74331283569336
11.802734375
25.363767623901367
11.898836135864258
11.852389335632324
11.824308395385742
11.761086463928223
11.71229362487793
11.729997634887695
11.69366455078125
11.733720779418945
11.656709671020508
11.701763153076172
25.41631507873535
11.62269401550293
11.563684463500977
11.507171630859375
11.498689651489258
11.492342948913574
11.545890808105469
11.607710838317871
11.595097541809082
11.574951171875
11.575194358825684
25.39225196838379
11.499109268188477
11.482933044433594
11.514604568481445
11.5362548828125
11.469522476196289
11.5060396194458
11.535232543945312
11.50989055633545
11.52782917022705
11.531657218933105
25.41878318786621
11.5626220703125
11.541679382324219
11.542068481445312
11.513717651367188
11.553489685058594
11.79814338684082
11.8663330078125
11.917245864868164
11.888924598693848
11.951247215270996
25.379777908325195
11.975229263305664
11.920857429504395
11.984831809997559
11.897377014160156
11.892929077148438
11.820244789123535
11.873462677001953
11.882521629333496
11.880745887756348
11.903192520141602
25.37311363220215
11.873861312866211
11.865313529968262
11.873482704162598
11.82729434967041
11.813369750976562
11.860048294067383
11.878305435180664
11.758489608764648
11.644821166992188
11.642513275146484
25.382280349731445
11.587820053100586
11.531007766723633
11.480335235595703
11.424932479858398
11.48215103149414
11.463314056396484
11.485453605651855
11.41169548034668
11.439590454101562
11.5057954788208
25.399757385253906
11.409955024719238
11.336587905883789
11.317536354064941
11.25166130065918
11.286407470703125
11.223328590393066
11.223428726196289
11.2645263671875
11.325751304626465
11.397242546081543
25.40642738342285
11.405402183532715
11.254034042358398
11.182319641113281
11.182640075683594
11.087482452392578
11.077646255493164
11.074453353881836
11.066688537597656
11.019939422607422
10.966315269470215
25.41533660888672
11.017455101013184
10.950154304504395
10.998191833496094
10.993414878845215
10.893674850463867
10.825950622558594
10.760247230529785
10.682138442993164
10.7040433883667
10.569265365600586
25.441709518432617
10.640108108520508
10.677690505981445
10.650590896606445
10.571645736694336
10.509295463562012
10.425029754638672
10.345624923706055
10.251510620117188
10.160676956176758
10.067268371582031
25.438989639282227
10.103582382202148
10.063186645507812
10.162059783935547
10.2047700881958
10.205803871154785
10.226078033447266
10.135026931762695
10.029763221740723
10.059137344360352
9.97659683227539
25.439668655395508
9.871017456054688
9.881952285766602
9.821432113647461
9.824509620666504
9.840639114379883
9.787137985229492
9.722600936889648
9.705524444580078
9.620699882507324
9.684146881103516
25.43431282043457
9.590204238891602
9.637965202331543
9.538578033447266
9.601807594299316
9.595160484313965
9.589202880859375
9.584444046020508
9.605674743652344
9.674248695373535
9.666984558105469
25.39567756652832
9.664945602416992
9.692798614501953
9.68497371673584
9.624817848205566
9.574869155883789
9.565649032592773
9.584208488464355
9.587700843811035
9.42109203338623
9.386307716369629
25.41733741760254
9.368817329406738
9.362524032592773
9.306535720825195
9.221548080444336
9.213064193725586
9.361019134521484
9.326410293579102
9.406867980957031
9.427091598510742
9.389281272888184
25.437231063842773
9.471731185913086
9.44658088684082
9.415964126586914
9.416414260864258
9.43876838684082
9.46774673461914
9.505912780761719
9.563447952270508
9.591251373291016
9.586681365966797
25.432401657104492
9.560097694396973
9.497940063476562
9.547026634216309
9.590185165405273
9.556753158569336
9.554876327514648
9.471659660339355
9.56005859375
9.602715492248535
9.642751693725586
25.40258026123047
9.65639877319336
9.759161949157715
9.840546607971191
9.838647842407227
9.886760711669922
9.928794860839844
9.927135467529297
9.897950172424316
9.907779693603516
9.937673568725586
25.37964630126953
10.069826126098633
9.968305587768555
9.920476913452148
9.938529968261719
9.939725875854492
9.967170715332031
9.956198692321777
9.881925582885742
9.830879211425781
9.75054931640625
25.398174285888672
9.659526824951172
9.575809478759766
9.595318794250488
9.601123809814453
9.466676712036133
9.617926597595215
9.584417343139648
9.591500282287598
9.6046724319458
9.545940399169922
25.3647518157959
9.610773086547852
9.565214157104492
9.563277244567871
9.545951843261719
9.58980941772461
9.533462524414062
9.393253326416016
9.434881210327148
9.425185203552246
9.365806579589844
25.31718635559082
9.365489959716797
9.23322868347168
9.258684158325195
9.237751960754395
9.157608032226562
9.16067123413086
9.098423957824707
8.901041984558105
8.858543395996094
8.794717788696289
25.318561553955078
8.828115463256836
8.9647798538208
8.924775123596191
9.002920150756836
8.990409851074219
9.006124496459961
8.977449417114258
9.107860565185547
9.06307315826416
9.012454986572266
25.337858200073242
9.003986358642578
8.967516899108887
8.961538314819336
9.027185440063477
9.014612197875977
9.089933395385742
9.011909484863281
9.010188102722168
9.044553756713867
9.114192962646484
25.311277389526367
9.203375816345215
9.14233112335205
9.244471549987793
9.081463813781738
9.083200454711914
9.071294784545898
9.145280838012695
9.164754867553711
9.14588737487793
9.090229988098145
25.335283279418945
9.071322441101074
9.132737159729004
9.04184341430664
9.078327178955078
8.929777145385742
9.009366989135742
8.986420631408691
8.972542762756348
9.001996994018555
9.073776245117188
25.31614112854004
9.10495376586914
9.199657440185547
9.231929779052734
9.275348663330078
9.269498825073242
9.210535049438477
9.150651931762695
9.16907787322998
9.144205093383789
9.18250846862793
25.313100814819336
9.220407485961914
9.31186294555664
9.179790496826172
9.23810863494873
9.253052711486816
9.225621223449707
9.189986228942871
9.20894718170166
9.200019836425781
9.06787109375
25.299421310424805
9.082914352416992
9.043655395507812
9.12416934967041
9.217597961425781
9.256210327148438
9.348933219909668
9.353174209594727
9.413007736206055
9.305810928344727
9.364151000976562
25.308408737182617
9.299785614013672
9.219339370727539
9.224042892456055
9.147857666015625
9.197725296020508
9.249980926513672
9.269453048706055
9.26049518585205
9.263225555419922
9.274633407592773
25.34025001525879
9.209866523742676
9.185149192810059
9.17739486694336
9.078993797302246
9.075758934020996
9.119841575622559
9.04654312133789
8.918439865112305
8.962615013122559
8.966495513916016
25.273557662963867
8.950864791870117
8.919342041015625
8.996131896972656
9.06574821472168
9.152681350708008
9.07587718963623
9.089569091796875
9.125287055969238
9.18630313873291
9.03310489654541
25.27827262878418
9.068794250488281
9.086566925048828
9.128567695617676
9.206090927124023
9.21997356414795
9.177403450012207
9.335041046142578
9.311803817749023
9.303881645202637
9.30611515045166
25.290800094604492
9.317973136901855
9.373907089233398
9.537782669067383
9.51793384552002
9.540058135986328
9.45676040649414
9.367097854614258
9.377248764038086
9.33597183227539
9.30917739868164
25.33066749572754
9.314945220947266
9.240751266479492
9.190662384033203
9.181699752807617
9.176373481750488
9.190105438232422
9.23814868927002
9.312129974365234
9.230175018310547
9.291033744812012
25.306425094604492
9.34703540802002
9.23497200012207
9.250526428222656
9.322271347045898
9.345304489135742
9.318453788757324
9.39369010925293
9.347740173339844
9.339860916137695
9.38571834564209
25.30422592163086
9.295614242553711
9.283422470092773
9.311199188232422
9.335192680358887
9.264044761657715
9.214338302612305
9.240138053894043
9.150627136230469
9.162277221679688
9.088790893554688
25.187105178833008
9.138057708740234
9.037162780761719
8.95228385925293
8.98105239868164
9.000391960144043
8.937658309936523
8.909173011779785
8.902545928955078
8.819192886352539
8.803388595581055
25.2266788482666
8.736261367797852
8.770729064941406
8.70041275024414
8.80309772491455
8.838265419006348
8.847869873046875
8.623475074768066
8.65854263305664
8.7489013671875
8.835390090942383
25.285921096801758
8.804853439331055
8.68160629272461
8.716400146484375
8.89854621887207
8.90406608581543
8.870738983154297
8.99755573272705
9.036384582519531
9.043126106262207
9.145166397094727
25.283971786499023
9.26820182800293
9.473886489868164
9.470277786254883
9.471393585205078
9.46200942993164
9.466086387634277
9.525182723999023
9.641204833984375
9.594446182250977
9.642707824707031
25.250831604003906
9.684893608093262
9.704116821289062
9.660301208496094
9.593266487121582
9.492636680603027
9.515497207641602
9.562287330627441
9.502601623535156
9.524381637573242
9.480866432189941
25.272157669067383
9.51042652130127
9.437251091003418
9.407480239868164
9.432961463928223
9.469146728515625
9.448731422424316
9.484213829040527
9.463348388671875
9.423067092895508
9.531970977783203
25.26704978942871
9.56301498413086
9.656648635864258
9.654848098754883
9.650898933410645
9.583748817443848
9.55424690246582
9.63166618347168
9.648338317871094
9.586133003234863
9.59296989440918
25.327529907226562
9.688698768615723
9.735074043273926
9.808614730834961
9.922248840332031
9.953450202941895
10.149693489074707
9.991594314575195
9.971334457397461
10.026679992675781
10.024309158325195
25.342519760131836
10.047892570495605
10.139717102050781
10.134052276611328
10.142404556274414
10.150272369384766
10.038581848144531
10.034701347351074
10.032649993896484
10.097156524658203
9.882257461547852
25.3469181060791
9.859640121459961
9.487740516662598
9.437845230102539
9.595781326293945
9.592756271362305
9.520902633666992
9.334505081176758
9.156608581542969
9.068017959594727
9.01535415649414
25.333688735961914
8.876227378845215
8.813946723937988
8.936891555786133
8.815332412719727
8.864696502685547
9.064783096313477
9.028127670288086
9.184547424316406
9.031455993652344
9.14342212677002
25.354652404785156
9.189884185791016
9.142840385437012
9.258417129516602
9.23182201385498
9.394241333007812
9.3673734664917
9.400247573852539
9.668663024902344
9.588144302368164
9.662353515625
25.393096923828125
9.783329010009766
9.933553695678711
9.950520515441895
9.829347610473633
9.792315483093262
9.827285766601562
9.816688537597656
9.831518173217773
9.67835521697998
9.717063903808594
25.422473907470703
9.428768157958984
9.329185485839844
9.169242858886719
9.183324813842773
9.117429733276367
8.885738372802734
9.073745727539062
8.641555786132812
8.727092742919922
8.792530059814453
25.512033462524414
8.743707656860352
9.02051830291748
9.230050086975098
9.2261962890625
9.356646537780762
9.445679664611816
9.301525115966797
9.138842582702637
9.105786323547363
9.029378890991211
25.47102165222168
8.985204696655273
8.956390380859375
8.855098724365234
8.609643936157227
8.542795181274414
8.421451568603516
8.271501541137695
8.24703598022461
8.166020393371582
8.160150527954102
25.443029403686523
7.904886245727539
8.032527923583984
7.819787502288818
7.7823638916015625
7.559939861297607
7.538074016571045
7.483604431152344
7.326897144317627
7.204894542694092
7.1842474937438965
25.432477951049805
7.184900760650635
7.012770175933838
7.153426170349121
7.04496955871582
7.030734062194824
6.948354244232178
7.126359462738037
6.904048442840576
7.065091609954834
6.923033237457275
25.443260192871094
6.9412336349487305
6.805995464324951
6.808071613311768
6.721282482147217
6.581105709075928
6.520992279052734
6.420249938964844
6.189830303192139
6.112435817718506
5.87207555770874
25.533254623413086
5.8173441886901855
5.728196620941162
5.694097995758057
5.74585485458374
5.708704471588135
5.737466335296631
5.707301616668701
5.391995429992676
5.41916036605835
5.411542892456055
25.54847526550293
5.43469762802124
5.466531276702881
5.310740947723389
5.315829753875732
5.257365703582764
5.201414585113525
5.083428859710693
4.9907145500183105
5.062256336212158
4.9583940505981445
25.53133201599121
4.987069606781006
4.9431986808776855
4.849908828735352
4.869605541229248
4.896729469299316
4.866678237915039
4.697144031524658
4.410196781158447
4.275303363800049
4.325019359588623
25.510419845581055
4.1623663902282715
4.074704647064209
3.894378423690796
3.8900845050811768
3.826462745666504
3.6862118244171143
3.688441276550293
3.7603893280029297
3.7366349697113037
3.7941622734069824
25.558609008789062
3.604871988296509
3.584474563598633
3.5984432697296143
3.591512441635132
3.51967716217041
3.3658735752105713
3.302980899810791
3.2577779293060303
3.17511248588562
3.075270891189575
25.66278076171875
3.1392576694488525
3.2108371257781982
3.2523374557495117
3.363051652908325
3.463160753250122
3.5187013149261475
3.6747820377349854
3.709496259689331
3.8240573406219482
3.758046865463257
25.644472122192383
3.845975160598755
3.8442447185516357
4.101199626922607
4.015224456787109
4.006025791168213
3.956958293914795
3.9583492279052734
4.024590969085693
3.9860384464263916
3.9764249324798584
25.741382598876953
3.8540496826171875
3.7407755851745605
3.9901771545410156
4.2026824951171875
4.251053333282471
4.345706939697266
4.618658542633057
4.8599724769592285
4.883089542388916
5.047369480133057
25.803075790405273
5.061245441436768
5.220580577850342
5.339850902557373
5.402015209197998
5.564839839935303
5.508734226226807
5.517480373382568
5.74226713180542
5.73471212387085
5.778039455413818
25.91299819946289
5.880683422088623
6.016522407531738
6.133798122406006
6.184515953063965
6.295675754547119
6.370095252990723
6.528004169464111
6.635219097137451
6.934677600860596
6.863162517547607
25.94661521911621
6.868459224700928
6.934180736541748
7.128836154937744
7.2010178565979
7.261508941650391
7.459374904632568
7.282144069671631
7.214707374572754
7.383141994476318
7.282119274139404
26.071496963500977
6.9427900314331055
6.993227958679199
6.936007976531982
7.039605140686035
7.118447303771973
6.932523727416992
6.851395130157471
6.924751281738281
6.8027663230896
6.658718109130859
26.118623733520508
6.704568386077881
6.427682399749756
6.3861517906188965
6.13300085067749
6.0266571044921875
6.0286641120910645
5.842601299285889
5.911082744598389
6.2718281745910645
6.300221920013428
26.242082595825195
6.540836334228516
6.421418190002441
6.505331039428711
6.314601898193359
6.012174129486084
5.773950099945068
5.668769359588623
5.640994071960449
5.538142681121826
5.352339267730713
26.281597137451172
5.3650431632995605
5.158501625061035
5.073089122772217
4.7725348472595215
4.774560451507568
4.986655235290527
4.917678356170654
4.903602600097656
4.890115737915039
4.9525370597839355
26.368703842163086
4.847775459289551
4.6731085777282715
4.4747395515441895
4.3488335609436035
4.2037177085876465
4.38109016418457
4.131457328796387
4.26715612411499
3.94697642326355
4.115787982940674
26.337621688842773
4.169743537902832
4.183403491973877
4.118282318115234
4.072880744934082
4.103776454925537
4.006258964538574
3.9505391120910645
4.0938310623168945
4.300286293029785
4.376063346862793
26.418630599975586
4.437220573425293
4.7887396812438965
4.880739212036133
5.017488956451416
4.688741207122803
4.703345775604248
4.816378116607666
4.950744152069092
4.8873515129089355
4.7995805740356445
26.505571365356445
4.95810079574585
5.019887447357178
5.051021099090576
5.038120746612549
4.928463459014893
4.911471843719482
4.862806797027588
4.629765510559082
4.191658020019531
3.796704053878784
26.56353187561035
3.6421072483062744
3.5071003437042236
3.336195945739746
2.8714191913604736
2.992159605026245
2.8857498168945312
2.8419735431671143
2.857107400894165
2.8005292415618896
2.7836086750030518
26.66997718811035
2.85978102684021
2.991838216781616
3.0585215091705322
3.0263965129852295
3.0201690196990967
2.8789689540863037
2.9220242500305176
2.688624382019043
2.540476083755493
2.498704671859741
26.730791091918945
2.4301464557647705
2.329619884490967
2.430082082748413
2.2250125408172607
2.011868715286255
1.895751953125
1.8284896612167358
1.748548984527588
1.7205610275268555
1.6859557628631592
26.759183883666992
1.5644469261169434
1.5319018363952637
1.486769676208496
1.4913945198059082
1.4687786102294922
1.5040781497955322
1.4795324802398682
1.5098676681518555
1.516167163848877
1.5371146202087402
26.775732040405273
1.5801703929901123
1.5896339416503906
1.563232660293579
1.5420260429382324
1.5446676015853882
1.5162667036056519
1.5395894050598145
1.5288474559783936
1.5173215866088867
1.5196176767349243
26.98478889465332
1.5281199216842651
1.5181858539581299
1.533913493156433
1.5658444166183472
1.583495855331421
1.5514254570007324
1.535501480102539
1.5690443515777588
1.5425381660461426
1.5396978855133057
27.004167556762695
1.5682809352874756
1.5699546337127686
1.5636208057403564
1.5688896179199219
1.5370389223098755
1.5265617370605469
1.5098419189453125
1.505979299545288
1.5222183465957642
1.5157103538513184
27.02521514892578
1.5125339031219482
1.5149723291397095
1.5017380714416504
1.501779317855835
1.4984467029571533
1.5049296617507935
1.5062874555587769
1.4999475479125977
1.5140173435211182
1.5016133785247803
27.1147403717041
1.4999597072601318
1.4873899221420288
1.4902814626693726
1.4995815753936768
1.4861376285552979
1.47979736328125
1.4904898405075073
1.495856761932373
1.4927456378936768
1.4894773960113525
27.231895446777344
1.4847773313522339
1.4888849258422852
1.5000262260437012
1.5143203735351562
1.5093929767608643
1.4975755214691162
1.5005838871002197
1.4653406143188477
1.473458170890808
1.476215124130249
27.336566925048828
1.4423351287841797
1.4644334316253662
1.4529080390930176
1.448537826538086
1.4484678506851196
1.4584193229675293
1.4495750665664673
1.4591214656829834
1.462057113647461
1.4817609786987305
27.481334686279297
1.4769046306610107
1.4690829515457153
1.4696005582809448
1.465146780014038
1.4597994089126587
1.473261833190918
1.4661202430725098
1.4739205837249756
1.4826164245605469
1.478738784790039
27.73187255859375
1.4840424060821533
1.4684151411056519
1.4626045227050781
1.4693492650985718
1.4818131923675537
1.477335810661316
1.4784214496612549
1.4793381690979004
1.491753101348877
1.4954218864440918
27.97316551208496
1.4829826354980469
1.4702059030532837
1.4923160076141357
1.4898104667663574
1.487964153289795
1.4886728525161743
1.492238998413086
1.4892157316207886
1.483658790588379
1.47738778591156
28.18729019165039
1.472604513168335
1.4683103561401367
1.4636270999908447
1.4591809511184692
1.4602797031402588
1.4586181640625
1.4740867614746094
1.4736309051513672
1.470676302909851
1.4723036289215088
28.478788375854492
1.4820761680603027
1.4694664478302002
1.473480224609375
1.480412483215332
1.4814519882202148
1.4709168672561646
1.4586492776870728
1.5616648197174072
1.5391305685043335
1.5381217002868652
28.766855239868164
1.5352782011032104
1.546040654182434
1.5444568395614624
1.550163984298706
1.5546457767486572
1.5510234832763672
1.5584824085235596
1.546219825744629
1.5500893592834473
1.581839919090271
29.132776260375977
1.5560400485992432
1.5674209594726562
1.5679497718811035
1.5623421669006348
1.5600733757019043
1.559829831123352
1.5665745735168457
1.5739455223083496
1.5705292224884033
1.5679386854171753
29.28044891357422
1.5759810209274292
1.5799248218536377
1.5619912147521973
1.5511300563812256
1.5662662982940674
1.5600796937942505
1.565821647644043
1.5517222881317139
1.5502338409423828
1.564514398574829
29.597654342651367
1.558065414428711
1.5754644870758057
1.5601122379302979
1.5558114051818848
1.553758978843689
1.544306993484497
1.5490903854370117
1.5526076555252075
1.5599851608276367
1.5581469535827637
29.732057571411133
1.5513849258422852
1.5553747415542603
1.5540733337402344
1.5616717338562012
1.5611698627471924
1.5561360120773315
1.5557796955108643
1.5403921604156494
1.5493545532226562
1.5407748222351074
29.848533630371094
1.534166932106018
1.554189920425415
1.5629653930664062
1.5353392362594604
1.504778504371643
1.5121670961380005
1.513913631439209
1.5224673748016357
1.5124316215515137
1.5147502422332764
29.94301986694336
1.5127664804458618
1.533247470855713
1.5181618928909302
1.5140233039855957
1.5200409889221191
1.529395341873169
1.5197858810424805
1.555644154548645
1.5480890274047852
1.5525763034820557
30.069334030151367
1.5339303016662598
1.5601255893707275
1.5296273231506348
1.547684907913208
1.5390610694885254
1.5228779315948486
1.529026985168457
1.5247085094451904
1.5183056592941284
1.5213403701782227
30.126874923706055
1.5136412382125854
1.5156540870666504
1.5157110691070557
1.510009765625
1.5040314197540283
1.5235670804977417
1.5358328819274902
1.5397614240646362
1.5365678071975708
1.548230767250061
30.31155776977539
1.5449528694152832
1.541021466255188
1.544661521911621
1.555021047592163
1.5491774082183838
1.548400640487671
1.5508902072906494
1.550304889678955
1.5625488758087158
1.5554547309875488
30.664670944213867
1.5474896430969238
1.5417306423187256
1.5355191230773926
1.5411901473999023
1.5352320671081543
1.5472406148910522
1.5488767623901367
1.53557550907135
1.5363495349884033
1.5319963693618774
30.719261169433594
1.5281500816345215
1.5352768898010254
1.5337715148925781
1.5157480239868164
1.536379337310791
1.5354182720184326
1.5325621366500854
1.5300195217132568
1.5351810455322266
1.5185656547546387
30.557086944580078
1.515866756439209
1.5078966617584229
1.5291097164154053
1.5276069641113281
1.5245285034179688
1.5269122123718262
1.5243585109710693
1.5370043516159058
1.5374342203140259
1.5445761680603027
30.436246871948242
1.533461332321167
1.5303151607513428
1.526205062866211
1.5370287895202637
1.53975248336792
1.538360595703125
1.5377676486968994
1.5330679416656494
1.5315316915512085
1.5332194566726685
30.115814208984375
1.5584900379180908
1.5578241348266602
1.5587824583053589
1.569611668586731
1.5678677558898926
1.5431628227233887
1.5286271572113037
1.54374361038208
1.5393953323364258
1.5549440383911133
29.425809860229492
1.5476775169372559
1.5282154083251953
1.530172348022461
1.5380451679229736
1.5382516384124756
1.53883695602417
1.5341098308563232
1.5525422096252441
1.5517432689666748
1.5642249584197998
29.033817291259766
28.6091365814209
27.3121395111084
26.630651473999023
25.832849502563477
25.023653030395508
23.831953048706055
23.2467098236084
22.996726989746094
23.842588424682617
24.30766487121582
24.75783348083496
24.729171752929688
24.717939376831055
24.71805763244629
24.744707107543945
24.77265739440918
24.741167068481445
24.782052993774414
24.782943725585938
24.649709701538086
24.669572830200195
24.711915969848633
24.616315841674805
24.57265281677246
24.540864944458008
24.60942840576172
24.638261795043945
24.634580612182617
24.65181541442871
24.65248680114746
24.351194381713867
24.361677169799805
24.388309478759766
24.31814956665039
24.410945892333984
24.52147674560547
24.429533004760742
24.411928176879883
24.455888748168945
24.460599899291992
24.416595458984375
24.341150283813477
24.290800094604492
24.373334884643555
24.397844314575195
24.41362762451172
24.449100494384766
24.459901809692383
24.461557388305664
24.475650787353516
24.465513229370117
24.495676040649414
24.52592658996582
24.558462142944336
24.541109085083008
24.543001174926758
24.566320419311523
24.570362091064453
24.593263626098633
24.526132583618164
24.54970932006836
24.420358657836914
24.420766830444336
24.43338966369629
24.452531814575195
24.405847549438477
24.44931983947754
24.472782135009766
24.46070671081543
24.42157745361328
24.51686668395996
24.496400833129883
24.53800392150879
24.365419387817383
24.463335037231445
24.44879150390625
24.44874382019043
24.455280303955078
24.420658111572266
24.465791702270508
24.478601455688477
24.46100616455078
24.449094772338867
24.445890426635742
24.564184188842773
24.535486221313477
24.5419864654541
24.50201988220215
24.595874786376953
24.61503028869629
24.52532386779785
24.56341552734375
24.531904220581055
24.478107452392578
24.49162483215332
24.60500717163086
24.571199417114258
24.63641929626465
24.69023323059082
24.721818923950195
24.7757625579834
24.731645584106445
24.800851821899414
24.818742752075195
24.8419132232666
24.846738815307617
24.887483596801758
24.892681121826172
24.911832809448242
24.922874450683594
24.79627799987793
24.829463958740234
24.896888732910156
24.84602928161621
24.869970321655273
24.877424240112305
24.873449325561523
24.87787437438965
24.899961471557617
24.866994857788086
24.85454559326172
24.896991729736328
24.925790786743164
24.89573860168457
24.948904037475586
24.909711837768555
24.870616912841797
24.874616622924805
24.888078689575195
24.86468505859375
24.889699935913086
24.822240829467773
24.789478302001953
24.78788185119629
24.77153968811035
24.7885799407959
24.792226791381836
24.76548194885254
24.757816314697266
24.7567138671875
24.743698120117188
24.74012565612793
24.70273780822754
24.738126754760742
24.59220314025879
24.57722282409668
24.518156051635742
24.493141174316406
24.50878143310547
24.530017852783203
24.43257713317871
24.47029685974121
24.522777557373047
24.52960777282715
24.539392471313477
24.553159713745117
24.509016036987305
24.435583114624023
24.486713409423828
24.53705406188965
24.544557571411133
24.50900650024414
24.57691764831543
24.590730667114258
24.586933135986328
24.580341339111328
24.57427406311035
24.527162551879883
24.541173934936523
24.594308853149414
24.60990333557129
24.64738655090332
24.553190231323242
24.571752548217773
24.595504760742188
24.619455337524414
24.700529098510742
24.66823959350586
24.734045028686523
24.71828269958496
24.761384963989258
24.72364616394043
24.779460906982422
24.746200561523438
24.738834381103516
24.83785057067871
24.858022689819336
24.967992782592773
24.967153549194336
24.892297744750977
24.91665267944336
24.853328704833984
24.864030838012695
24.78501319885254
24.789934158325195
24.820016860961914
24.786331176757812
24.755125045776367
24.853052139282227
24.849048614501953
24.823732376098633
24.765274047851562
24.822786331176758
24.756723403930664
24.715606689453125
24.756206512451172
24.77239418029785
24.77603530883789
24.75853729248047
24.697954177856445
24.533369064331055
24.524656295776367
24.45350456237793
24.448657989501953
24.397079467773438
24.41514015197754
24.355558395385742
24.482086181640625
24.469907760620117
24.400976181030273
24.38080596923828
24.33971405029297
24.29746437072754
24.422832489013672
24.403100967407227
24.41629981994629
24.36821174621582
24.347070693969727
24.382509231567383
24.348772048950195
24.344186782836914
24.392175674438477
24.350994110107422
24.400348663330078
24.422922134399414
24.391504287719727
24.443920135498047
24.441007614135742
24.328536987304688
24.30484962463379
24.26852798461914
24.368894577026367
24.349897384643555
24.287181854248047
24.233482360839844
24.279638290405273
24.288423538208008
24.29261589050293
24.183795928955078
24.12143898010254
24.13763999938965
24.259950637817383
24.305130004882812
24.302820205688477
24.30438804626465
24.274063110351562
24.247333526611328
24.244535446166992
24.14630699157715
24.16215705871582
24.144481658935547
24.149484634399414
24.167644500732422
24.113981246948242
24.069883346557617
24.024744033813477
23.96377182006836
23.911867141723633
23.92787742614746
23.884313583374023
23.875585556030273
23.788419723510742
23.70133399963379
23.65553855895996
23.67692756652832
23.607404708862305
23.665584564208984
23.6063232421875
23.52138900756836
23.57481575012207
23.483163833618164
23.466888427734375
23.371381759643555
23.391441345214844
23.279813766479492
23.235017776489258
23.193078994750977
23.265295028686523
23.331600189208984
23.228092193603516
23.21208953857422
23.11144256591797
23.045625686645508
22.9892635345459
23.024316787719727
23.00850486755371
22.951169967651367
22.947010040283203
22.9283504486084
22.951345443725586
22.925384521484375
22.86948585510254
22.912857055664062
22.85099220275879
22.875516891479492
22.919435501098633
22.838003158569336
22.821413040161133
22.76546287536621
22.72349739074707
22.684446334838867
22.61349105834961
22.680452346801758
22.612123489379883
22.579862594604492
22.60959815979004
22.57329750061035
22.53499984741211
22.602827072143555
22.52090072631836
22.484086990356445
22.454811096191406
22.399635314941406
22.33309555053711
22.269880294799805
22.265165328979492
22.23338508605957
22.160526275634766
22.19925880432129
22.170190811157227
22.192094802856445
22.1851863861084
22.09175682067871
22.0463924407959
22.079008102416992
22.127511978149414
22.100801467895508
22.16083335876465
22.186817169189453
22.174482345581055
22.1866512298584
22.14390754699707
22.143136978149414
22.129606246948242
22.05471420288086
22.18675422668457
22.215394973754883
22.279695510864258
22.425302505493164
22.417390823364258
22.319169998168945
22.385190963745117
22.385244369506836
22.319494247436523
22.373510360717773
22.30851936340332
22.40574836730957
22.40744972229004
22.394180297851562
22.436079025268555
22.436288833618164
22.41472053527832
22.41404914855957
22.40227699279785
22.42758560180664
22.49723243713379
22.362131118774414
22.3807315826416
22.332387924194336
22.30427360534668
22.268278121948242
22.245569229125977
22.263025283813477
22.212203979492188
22.230388641357422
22.351701736450195
22.293699264526367
22.291975021362305
22.361265182495117
22.277864456176758
22.312021255493164
22.33640480041504
22.364259719848633
22.397607803344727
22.353437423706055
22.45370864868164
22.460634231567383
22.683412551879883
22.78648567199707
22.89421844482422
23.020429611206055
23.053312301635742
23.10053825378418
23.23942756652832
23.13570213317871
23.153833389282227
23.189693450927734
23.161535263061523
23.263826370239258
23.43549346923828
23.442689895629883
23.57577133178711
23.529115676879883
23.68375015258789
23.82886505126953
23.763853073120117
23.819868087768555
23.76036262512207
23.798486709594727
23.864151000976562
23.910051345825195
23.94219207763672
23.945642471313477
23.928775787353516
23.987045288085938
24.00017547607422
24.041629791259766
24.068931579589844
24.041311264038086
23.97062110900879
23.969621658325195
24.023839950561523
24.04722785949707
24.04007911682129
24.127670288085938
24.11686897277832
24.052419662475586
24.072919845581055
24.0695743560791
24.050935745239258
24.064668655395508
24.036701202392578
24.018484115600586
24.009937286376953
23.92921257019043
24.008878707885742
24.060049057006836
24.057037353515625
23.996713638305664
24.04973793029785
24.176042556762695
24.22504997253418
24.293622970581055
24.28791618347168
24.322420120239258
24.350942611694336
24.35878562927246
24.351455688476562
24.266429901123047
24.241880416870117
24.310985565185547
24.30168342590332
24.219053268432617
24.153669357299805
24.19239616394043
24.182212829589844
24.18731117248535
24.153676986694336
23.993330001831055
24.007543563842773
23.980735778808594
23.972883224487305
23.99915885925293
24.043750762939453
23.964521408081055
23.89808464050293
23.86733055114746
23.841596603393555
23.858007431030273
23.871667861938477
23.773679733276367
23.755435943603516
23.782594680786133
23.727550506591797
23.730850219726562
23.66295623779297
23.592649459838867
23.573488235473633
23.594816207885742
23.50728988647461
23.478748321533203
23.36460304260254
23.421615600585938
23.31244659423828
23.15681266784668
23.135154724121094
23.114240646362305
23.12044334411621
23.09107208251953
23.06153678894043
23.008825302124023
23.067079544067383
23.02530288696289
23.01704978942871
23.097402572631836
23.129297256469727
23.1412353515625
23.129907608032227
23.263830184936523
23.37909507751465
23.39152717590332
23.38543128967285
23.360929489135742
23.35696029663086
23.438249588012695
23.42601776123047
23.348665237426758
23.351736068725586
23.33232307434082
23.342418670654297
23.14835548400879
23.139463424682617
23.1163387298584
23.304590225219727
23.193002700805664
23.139711380004883
23.136117935180664
23.216081619262695
23.19158363342285
23.171438217163086
23.084362030029297
23.027099609375
23.013425827026367
22.88410758972168
22.868793487548828
22.84660530090332
22.810707092285156
22.77842140197754
22.757415771484375
22.748626708984375
22.731836318969727
22.730920791625977
22.745752334594727
22.765771865844727
22.739713668823242
22.815526962280273
22.87944793701172
22.868810653686523
22.97480010986328
23.06996726989746
23.238595962524414
23.230138778686523
23.329721450805664
23.315813064575195
23.373849868774414
23.408382415771484
23.372346878051758
23.287065505981445
23.297109603881836
23.26133918762207
23.256776809692383
23.295873641967773
23.203493118286133
23.21363639831543
23.192895889282227
23.099912643432617
23.039941787719727
23.08269500732422
23.122455596923828
23.085159301757812
23.0250301361084
22.864168167114258
22.913360595703125
23.033052444458008
22.84195899963379
22.628759384155273
22.630678176879883
22.672945022583008
22.618459701538086
22.559736251831055
22.55476951599121
22.619050979614258
22.671361923217773
22.764671325683594
22.7169132232666
22.803430557250977
22.883852005004883
22.90114402770996
22.822214126586914
22.804832458496094
22.712190628051758
22.924453735351562
22.878591537475586
22.91805076599121
22.926057815551758
22.978429794311523
22.92396354675293
22.86361312866211
22.86104965209961
22.93327522277832
23.0534725189209
23.041078567504883
22.942325592041016
22.912490844726562
23.048595428466797
22.97970962524414
22.89839744567871
22.946447372436523
22.961048126220703
22.978017807006836
22.796125411987305
22.714757919311523
22.671031951904297
22.59650421142578
22.537111282348633
22.459867477416992
22.50569725036621
22.50269317626953
22.483407974243164
22.478456497192383
22.368093490600586
22.372060775756836
22.374347686767578
22.31730079650879
22.38408088684082
22.431764602661133
22.411710739135742
22.453649520874023
22.42392349243164
22.38572883605957
22.494386672973633
22.512405395507812
22.484737396240234
22.46541404724121
22.43764305114746
22.57024574279785
22.428098678588867
22.400304794311523
22.345911026000977
22.202768325805664
22.167673110961914
22.034143447875977
21.925413131713867
21.812047958374023
21.72709846496582
21.735971450805664
21.795997619628906
21.7213134765625
21.75499153137207
21.772443771362305
21.66241455078125
21.74362564086914
21.806760787963867
21.80388069152832
21.7321834564209
21.69723129272461
21.578571319580078
21.627042770385742
21.505578994750977
21.443941116333008
21.312084197998047
21.23923683166504
21.06940460205078
20.93792152404785
20.84678077697754
20.821962356567383
20.793657302856445
20.742136001586914
20.804973602294922
20.88814353942871
20.7466983795166
20.724666595458984
20.760461807250977
20.7828369140625
20.70598030090332
20.810815811157227
20.817638397216797
20.828706741333008
20.744611740112305
20.63523292541504
20.5471134185791
20.54860496520996
20.63344955444336
20.516361236572266
20.585426330566406
20.615388870239258
20.521881103515625
20.518001556396484
20.52675437927246
20.385421752929688
20.36891746520996
20.307096481323242
20.375608444213867
20.302536010742188
20.306121826171875
20.266666412353516
20.190895080566406
20.21619415283203
20.221363067626953
20.201642990112305
20.241941452026367
20.164464950561523
20.06899070739746
20.081745147705078
20.075658798217773
20.129131317138672
19.95050811767578
19.89304542541504
19.914270401000977
19.94854164123535
19.994441986083984
19.88603401184082
19.904298782348633
19.94135093688965
19.901792526245117
19.84085464477539
19.794862747192383
19.728410720825195
19.686479568481445
19.68541145324707
19.63783836364746
19.58306121826172
19.521535873413086
19.489538192749023
19.6205997467041
19.411727905273438
19.458345413208008
19.37446403503418
19.301485061645508
19.268766403198242
19.213848114013672
19.168336868286133
19.143404006958008
19.081193923950195
19.021474838256836
18.967336654663086
19.02970314025879
18.86539649963379
18.884143829345703
18.91490364074707
18.743581771850586
18.583358764648438
18.553510665893555
18.49583625793457
18.438169479370117
18.44642448425293
18.4447021484375
18.454818725585938
18.465343475341797
18.462295532226562
18.311521530151367
18.32255744934082
18.25179100036621
